DELETE 1000
105349
283772
868811
827766
456935
350676
681011
819105
603552
689724
151588
713029
666575
184405
346695
119224
552628
99564
288029
30804
603326
902111
734615
850937
554802
507585
638703
194220
637028
511831
718820
279701
794946
353552
507933
3370
814195
860506
277028
5851
778006
817740
547316
265118
342958
191817
503076
972009
784595
880835
280021
585350
505115
532121
285841
1869
107370
407990
156648
306192
884109
304246
615161
177071
598451
858836
425101
821560
289986
556901
292413
899407
250841
940944
587440
655849
811075
716238
223822
862870
328953
367977
449929
427396
538189
411105
47328
517256
82197
881611
759624
311146
972134
722568
740451
864199
850531
926735
858613
203533
415353
787516
16204
36495
866855
664445
771331
923331
772861
125613
956906
183797
171831
1838
309522
267158
193267
567212
302951
455736
596995
921256
821250
721864
636568
329702
36284
696029
18995
246485
140548
660784
524214
494749
170397
160048
786571
189004
868181
426293
759689
886107
921238
863254
894717
724095
582748
156557
897997
555070
135205
498864
479464
342528
732452
652763
425600
134485
952183
327429
470642
983321
161543
655686
50428
95124
78176
329223
998785
582029
265178
404266
192341
898359
618558
957734
891029
127894
132199
888996
409999
809268
29088
686771
587945
424838
800320
328667
81697
172419
805533
614151
335697
995904
772628
845957
403468
893164
684070
496016
102589
2838
475237
23481
890246
834908
628609
184736
926921
917548
623489
445296
91726
113108
947205
33937
166001
985005
172320
516756
441471
432422
600751
47346
275622
314325
152815
930883
233597
151059
759553
662781
102168
696789
420344
504298
202710
161451
120560
449074
867651
446477
945471
557445
278518
994742
846739
729971
195992
398010
452477
718674
221270
559882
500864
211410
807770
983866
195680
340185
620207
637863
916999
502245
713354
67104
833339
124697
592021
839530
618034
10974
294346
535279
690454
576796
770861
840472
285333
789474
724456
107624
455755
451258
841296
869194
555287
438513
913623
8660
729885
223265
962026
53090
912937
234479
129800
6588
547725
902516
915884
661015
368608
886810
628386
647931
152715
904017
702336
921086
512678
763100
468321
601533
463087
29422
222574
249378
245189
652082
177214
799897
544745
615760
777201
633184
721706
385517
551900
819114
116934
665982
294461
916575
545772
669253
120027
387555
798586
785260
417652
650993
381882
988584
276690
138473
975352
363925
378457
546335
685290
788412
839843
707989
992279
666323
591357
321732
475919
682309
482869
960121
88075
917526
566939
400246
345350
450756
268111
211603
727565
76784
509033
305128
73293
618545
769966
317452
691354
135985
362248
707296
654594
332619
797468
567138
907448
187214
955842
365432
515847
243178
728838
143943
185258
122410
986075
656602
126324
586361
25654
226325
562581
400173
100375
179352
27624
615288
673260
738846
955043
133724
405564
850469
608568
572587
273535
690773
526485
68714
860982
519384
12740
698769
981088
402369
818792
623471
809203
321006
788171
280862
585399
594121
480987
871004
533701
391090
733560
585378
266078
415950
244954
555733
166308
247949
608700
693561
397685
165657
423245
653365
188114
873685
645146
874933
447733
553335
158943
9743
471291
903446
356929
929070
380846
281322
850966
515961
661382
132538
92183
951017
981989
601394
759434
530769
349872
947434
197971
19327
862266
892548
86119
974592
545928
320902
174163
222163
700916
806069
261088
973736
417433
834316
902805
111453
657985
740609
974177
362554
725388
550623
457159
134658
438087
20155
54268
571523
149893
244890
641685
308720
718015
6408
479743
482361
958878
995259
200824
557423
420296
13571
536674
592804
787062
923375
469380
521355
886789
764622
427897
307517
512644
17227
258382
61120
388677
446441
72600
864284
59731
375841
915796
909449
861546
590288
439135
400733
785913
901921
919317
79411
39236
373766
488256
512224
265874
137883
495093
281398
643413
721795
393401
392996
776478
644957
429529
523488
337631
159754
624368
383709
987089
297605
972733
13472
802762
433370
136800
918880
426703
912347
313248
760109
978473
804561
159657
910897
250793
904361
444666
683065
826466
977589
786430
984013
791322
862965
426592
787087
771510
954661
564886
751642
272314
59228
216170
146034
362908
938772
298070
78927
391075
980812
238169
729183
675855
990804
424117
862124
331779
57041
56841
270756
199892
559763
963186
843369
212563
466236
278777
614250
514249
514876
283640
903094
273017
784187
651809
903619
29955
93686
283295
637903
85560
768387
677916
338651
727178
702580
667974
232364
477888
273120
677244
89682
165295
384174
453817
119229
485660
742742
205796
922938
510647
993724
729517
418669
857455
865594
878027
47282
50821
701837
571983
693887
596235
1109
606335
382024
356834
126296
820355
707121
677289
955233
775463
970756
360830
621722
610351
276191
315814
166271
909472
436503
548405
997125
842037
733486
560603
366744
616629
823343
411930
732649
259869
560410
720059
50747
737709
689838
776627
412965
607781
509680
564286
258861
309160
823384
192114
573620
378509
998229
799796
489970
679487
572275
783313
709658
241180
332578
12609
976048
585248
687462
742017
609360
801449
65846
912938
569393
153089
818288
915402
209992
381796
889549
427954
825129
351318
16790
581098
243021
384791
824280
961978
701698
203885
475187
343119
807586
232832
920698
265412
966859
364450
609194
41937
223044
495763
711641
26623
296116
500510
92213
583532
282770
498523
202356
101963
913584
157563
20035
663654
419590
133847
180715
181342
833481
839344
582925
789300
55133
842121
471226
470058
554602
268078
474769
69517
432035
82636
78194
466820
314675
541647
895145
327167
601658
730514
995899
378678
226320
155996
195293
312083
318672
743023
354383
478446
594804
512232
870019
303859
315416
126549
575583
753579
464588
532754
829772
352357
946209
675846
911345
324076
676230
579882
452679
256831
273265
506688
449459
163522
412391
439517
777563
665806
456560
615711
310629
369879
5779
711835
118547
726357
835597
766153
194286
691297
847523
608658
199912
423116
868434
78871
82261
920881
646474
8133
803791
355945
420352
734839
2536
970308
983046
814877
951733
912237
393383
225768
936409
865599
509733
567797
926983
513611
202304
759040
600233
539781
947709
773877
8099
453227
239890
381412
253713
681423
568548
486181
312474
437400
795919
683816
275450
61192
484817
442379
130061
514363
917212
775963
448228
972300
150735
333656
113583
712954
805073
334406
953758
269285
786603
721640
939632
5016
231141
700653
981092
434396
276015
441038
435776
955759
868823
373556
637702
944208
518943
736279
196873
360701
132273
358335
450239
505611
314432
452171
428181
706970
122022
108903
384650
267032
276074
108993
462751
51343
786691
748045
340751
457402
501061
279475
96526
237970
129976
839762
307224
748517
122531
678904
970915
886444
534004
871694
516714
83132
637514
935588
234464
482177
393476
188190
997607
64924
197484
140454
311744
774325
533487
128605
80293
88009
922110
524916
490931

