FIND 1000
729698
579184
621787
748314
761295
204031
462866
264532
193038
566979
70453
354438
852538
86322
679129
179737
999438
936373
316931
429622
641932
310381
418334
836584
994250
90870
621965
53247
257210
438270
223890
264304
954911
378767
6373
899661
933812
758458
303123
679021
327199
936277
846929
235659
572157
260226
934712
267741
573709
470106
438045
831115
253458
477475
197237
469797
373084
140280
745433
313859
919143
229223
99818
439369
963708
799801
291743
644233
317975
725195
583390
847555
632216
580419
70187
98715
965794
733306
813923
838345
510988
34708
437828
983073
157929
134932
107198
381162
867312
268439
840147
569442
289314
658613
665446
861734
236380
928927
95827
797253
32169
19683
243155
640618
719183
570605
200283
865572
53277
623721
149124
913025
844597
566945
131604
825044
478105
902396
96513
676243
202196
106516
210263
426325
70867
668102
164619
496321
667137
787971
591416
939885
492786
704338
651851
510295
339086
767939
768838
238877
895860
910394
500326
969088
688608
84839
124389
724117
899688
403756
12135
496580
35952
223468
777621
71712
986064
921536
717403
182403
428424
231410
82996
330626
813358
705086
239161
918382
389129
591986
743243
135859
399741
692876
768096
324787
334055
106998
700586
407384
620193
583698
629319
48077
789478
706242
904137
806277
230625
778884
746983
253800
813034
645298
615799
11563
480871
561450
399381
140492
145918
522698
17748
45004
166464
574028
743033
670607
874160
605302
966394
980502
346171
295795
739394
721916
393887
745924
110435
581119
905047
176343
931743
851970
262866
545074
253743
684826
542020
350322
617581
828758
806590
381263
613734
729996
533968
29273
426694
955530
295016
426560
843057
850698
787109
256718
261195
884624
618185
861659
1480
361938
360534
480971
917608
516801
331463
255455
570426
603384
825484
439030
443501
837060
72830
782131
313335
681859
895919
290777
187518
402442
809127
387356
205460
422916
45106
670963
48253
585887
697040
776857
798654
878097
390033
547257
21369
676295
375506
476851
805963
993664
435024
836573
59890
717339
555244
75428
313261
876218
221280
468638
733941
179850
615688
576828
359767
177639
487437
713139
285635
169949
49950
407571
559421
471678
672726
428333
831257
381958
178109
458628
630380
255409
371539
229410
253483
402374
868226
730325
816887
18151
432336
497635
284715
232155
561935
203443
305247
531853
55233
12334
886088
209372
841007
416799
140889
123003
170042
830996
251240
863728
382483
931777
720506
659710
48712
198067
639555
786334
997040
355142
329780
214938
286970
800503
427472
79784
174053
387784
994098
859027
717930
938754
811921
799889
862924
882813
444267
990846
24856
605761
530709
703169
920822
507698
445628
375288
543260
672722
389421
31368
686940
487263
615964
416351
798410
631828
550654
562558
537973
318511
515708
93132
543309
4359
366871
969310
973997
968200
524784
400028
54757
961809
714861
579348
424167
866486
269780
318805
180483
70006
144953
522815
914006
366504
772755
520366
573110
564601
529325
522465
138183
336368
543338
243980
617052
979441
119074
953011
382013
634295
680520
365145
235536
940373
450526
849409
677069
666224
948400
314311
459410
336776
406857
17529
676263
981067
903629
457301
3423
569122
590713
294851
678254
833052
650613
978208
776618
854725
642730
35007
871945
275577
475518
594846
328615
838378
395300
103354
720475
585992
267945
833662
693854
929270
350593
391614
418041
261087
868548
544613
581916
88246
485034
549016
402147
543204
553742
163069
47987
716679
931331
18003
556710
41714
754470
866366
209073
686563
205010
312206
543365
25736
757531
676310
738601
960733
221919
407636
674035
842829
529869
184674
765108
968840
351397
814044
409492
333126
326179
218034
92416
940419
394590
258667
561167
470762
973742
461687
994676
452154
434333
778265
464515
161846
452635
219180
442531
546859
59335
599913
510785
683781
844238
464221
120351
607613
974850
131002
889375
193861
547088
881526
572392
387787
154322
150369
120765
837295
35258
443961
585569
238900
990387
969361
235636
963086
257373
674785
950669
6191
576452
593308
32968
334644
123309
218680
281230
628779
614458
243819
949220
816887
221159
556827
26538
461670
274649
182411
895312
875241
841901
412263
982000
626817
335329
880976
152866
976968
394474
779316
196950
404938
889477
798509
86049
495404
568865
485457
57009
600291
179291
692948
213247
30369
199204
993651
839254
554893
369812
520391
920543
401697
29724
806449
719772
969219
406844
196407
785483
689670
432612
510163
88512
263345
158329
773755
857865
72551
328092
268711
316806
744097
862334
716467
866387
260377
557622
86376
820618
78284
337275
620383
448626
110674
26914
2996
219158
343040
94128
925831
841036
680544
703630
798203
644734
490462
764693
852085
334226
376197
245846
100292
922262
622255
585963
159784
983138
600150
459296
677810
826660
799306
83254
69037
569268
947361
716532
693219
624667
628523
364748
17275
564213
300644
189328
410650
942776
782766
16856
356415
779544
398777
225021
962373
543293
960716
388440
380026
535627
612857
724830
454368
531193
7971
708868
595651
412333
986608
544510
539697
354588
392414
997885
138425
199009
650998
378893
226719
239660
289348
680490
653770
528564
361141
206475
289157
600293
663577
734220
451371
196676
869080
800819
16366
621731
502401
587830
162873
178402
293258
61420
343434
745600
741773
685989
709039
983841
922135
968403
79037
224886
580350
887564
552022
432264
659074
761281
168587
728515
517757
953295
269731
535052
532334
620391
528477
290768
654007
578040
561534
265848
884243
723879
517600
444913
304916
401472
443537
763179
226463
619420
803988
122463
421552
883403
720798
444870
998306
37410
439744
965338
992394
846851
843026
920726
661196
780272
331459
759704
768329
625224
520763
782405
953342
608834
602999
676031
584902
17162
948566
176308
231815
66259
569857
610269
300756
633635
123749
841733
906078
265985
980158
340608
279715
131658
744473
488781
682760
215812
919622
158683
929440
246447
970801
300053
6202
862673
28225
442348
898553
212656
339656
698158
54249
960498
738696
977310
894125
687292
280378
646590
568609
793461
474421
977396
29978
736166
813849
65509
410314
234237
109055
306687
753589
684620
735383
704786
755748
866870
857725
213596
529061
190810
420169
523043
734930
248980
701837
936702
164042
590385
37745
310144
6960
879929
660274
395651
996691
929017
826579
428000
569419
629889
523152
264067
31258
685337
638606
497043
269886
717585
336964
562983
684315
330716
853623
221112
918474
777319
64109
613471
524299
637217
182661
687371
447127
147287
112270
612268
283100
506497
954863
354898
742521
472961
767119
859832
639139
922637
137180
929878
677777
321038
676581
854666
985444
404917
545047
127122
340029
725482
119314
647538
389787
339028
306017
319762
711355
385650
881956
265851
508581
452887
394533
646486
590626
172926
314311
853269
812409
755682
106
11687
857950
645000
94753
450374
855008
240061
429808
165296
618356
36486
11637
962368
354407
14616
698343

