INSERT 1000
446925
539796
747981
251595
238420
244306
28224
664203
749851
342501
739364
899187
975775
119007
325400
369196
430637
193207
925063
336660
636430
547866
430262
426469
65605
446785
224758
257273
128852
590009
478591
251996
458413
105661
258091
51434
871393
866707
102694
674032
764733
575906
956893
74251
71550
16589
921174
961132
785666
663193
220765
472326
36735
760878
288501
346685
248803
318592
154961
189839
347881
425632
882070
519192
57011
944789
678827
43020
974187
124289
186292
715485
981641
379966
976459
861029
362875
756294
703864
1938
194310
96926
273684
591443
431926
269841
936749
706960
987900
461595
827739
113987
509766
839882
385947
98274
452761
413393
100855
387339
684547
928946
693477
661780
910742
581703
490717
269209
165420
683732
197852
274663
801159
296449
346375
567660
992100
979898
975451
790923
661518
792531
487539
883627
191548
264047
973698
90306
928929
571243
938302
692424
658658
835175
760271
193485
607267
92091
715652
607062
691384
481220
772578
936669
826957
811848
829780
176365
497235
29467
803997
932441
91006
853904
609745
427307
949505
779499
515153
47894
887774
72888
217831
16599
875156
922316
646199
72476
147540
434897
690835
849820
301994
638353
871051
52080
654692
166652
484595
509540
347589
61276
304199
26148
551200
991023
382704
504308
553544
594818
659050
898899
5004
618065
857689
813764
920981
171494
242448
865977
587462
617799
203827
285999
862295
299976
356553
124034
944466
204123
649137
651934
853989
464167
681235
513918
732759
190639
780993
372134
748405
465790
731173
716438
877937
763536
490273
853253
177664
918593
863901
100344
77269
774040
500700
223086
509753
825380
637521
686089
770510
457178
648026
643090
201219
118346
306538
380054
469776
894337
871015
582311
566038
965952
944129
353043
301369
174861
562123
974683
947083
886216
865969
811616
493095
885680
321301
660691
914819
645061
228670
643030
140346
733899
640917
3213
627965
386857
309943
464404
620654
923879
966969
656347
564137
832098
863838
521335
404847
549995
358705
594208
318322
576868
210737
100060
832162
623641
633439
285377
31959
611188
863866
408961
642117
111936
120158
506248
213416
969823
957971
498185
932009
573844
976051
249350
730943
492730
177276
676067
613339
617875
347941
548611
96796
423486
151378
330495
102804
804799
115217
82063
11978
504955
127108
719820
891165
792658
599697
153645
359143
437108
433353
634864
870895
946833
649998
544296
395971
691456
172916
896664
279422
949148
330955
923352
986316
730360
409863
325126
142414
793026
611034
521551
18166
898714
201211
113021
216757
99020
667470
748455
378759
769298
948400
355068
212608
480000
28766
795508
903751
732587
604938
795723
771349
99795
341957
310556
883822
756353
662137
462325
770462
893130
883462
350256
134563
436295
792338
366781
287353
461219
20845
88133
85464
226569
412859
110231
945235
668166
702427
806988
300853
216368
744065
312852
743043
348626
527984
877731
745937
476809
704567
8638
412242
742062
40386
437257
923737
705619
312182
770762
912060
411550
580544
203505
717953
3259
422414
637253
491504
287042
44968
683574
764552
12856
306953
474141
211025
969183
423498
667425
59616
449162
707780
783452
720288
522861
182433
329227
127864
600059
452315
981752
188002
830970
963138
310005
487371
520585
646106
827657
343761
691044
754319
958396
654811
966326
576147
481637
982102
108686
705606
839374
397109
604538
954322
634115
925190
18184
751246
522337
511878
843231
752511
934629
511315
494232
894773
937594
284845
684499
356761
57559
457662
76958
582935
816899
982423
122260
839019
100471
290093
703472
664812
460446
328256
154812
871806
808887
166905
145572
944584
718435
569948
6829
802844
248285
81231
560341
265875
679448
966675
563308
216375
454505
819635
952495
929902
669387
960106
423613
436139
181971
205686
851662
938248
879798
781031
503108
325569
933584
711548
649089
356954
695574
600008
303804
814727
649549
36614
708008
760553
33888
675471
73855
270743
533548
445622
404492
610579
343196
65088
846293
498228
684407
442551
610134
699887
672663
615378
66166
31215
430211
627725
596206
64611
815395
207717
296959
791435
913129
726417
868053
315948
94152
451751
544550
424472
481705
20639
270631
247522
201825
495557
994046
751959
441833
999407
518724
794469
120377
402843
264056
162151
27906
600950
264391
598809
908804
985695
68572
503142
692920
990179
87359
205559
487227
214506
58736
54690
1305
74207
343765
394015
876139
260250
50315
861597
620375
549912
915152
340615
838290
762413
175439
452838
802113
214303
259480
455363
649983
95615
851804
80693
289751
351405
553459
968
339105
133863
831356
475547
642298
544136
899943
2016
999304
848400
233350
259138
805280
691272
727677
962934
18070
989570
641363
285019
256915
612829
994453
75125
815234
813602
166156
26930
723309
615864
601687
592990
779095
623556
369066
192139
942462
51965
752795
333667
554759
595188
428678
929380
55416
356381
890579
192823
636249
717797
709334
388457
373142
122977
746387
322702
352870
383790
966494
330819
301828
90339
428105
349902
68716
348120
405205
365895
877093
84120
438401
634818
776781
890661
936996
549084
351799
653221
275932
921264
63992
850534
230522
281451
759543
624933
633425
741408
270283
485224
802581
629598
80895
123152
39893
721926
677734
916391
265035
23356
286701
844750
536681
497297
763421
312506
377858
997097
232272
492143
355032
359061
877892
157778
501853
616524
768023
26936
560118
112020
512134
862702
770320
187838
96912
842733
468390
380121
60773
146245
634395
542128
664329
885532
217720
416294
151652
111553
846210
418196
462715
847649
813510
915375
359358
459481
456248
323919
725112
433398
279820
766569
772372
765399
999746
100088
645087
766553
614718
416233
188464
594862
698501
199310
755503
538249
259993
302124
98977
70031
25033
228323
358984
381724
968968
649042
612139
431820
359217
126598
43539
175644
289639
404920
667538
742829
246363
832100
859029
663453
224253
509478
435060
322792
263994
21507
445367
969940
592719
251068
621205
980521
940168
481649
994697
243473
472317
262122
627445
587211
828890
533183
16990
324707
159954
821911
352072
749657
98398
213565
526577
760919
767146
759950
156076
996853
345445
113625
338338
53021
28413
651843
881097
604680
204931
49406
377304
925045
301714
512481
641619
271663
988642
777194
455245
988550
225689
85723
644029
679484
198651
583418
951593
61697
742460
181379
682337
330557
214118
435291
699704
64065
353970
417366
269909
280752
677614
472529
303294
164029
366293
794960
78919
917822
394252
823073
180739
810748
610129
616125
691754
135035
217421
443123
205725
991563
883100
311186
897520
755726
364480
900865
875610
530199
134639
461972
876129
262640
626331
647514
528658
686453
212017
400551
558748
151135
327629
243812
773636
78630
5998
569147
616229
268959
460130
43856
72890
86329
378623
788872
323476
128862
954584
952082
287216
162704
318131
615469
31224
456136
597426
386369
457969
452919
331744
800855
635613
998739
796788
631610
647677

